0.680776
0.640797
0.950682
0.562243
0.271310
0.510178
0.202643
0.875973
0.169866
0.149022
0.722098
0.691519
0.555801
0.621141
0.997229
1.000708
0.598193
0.513932
0.525193
0.045686
0.832636
0.892666
0.551103
0.256996
0.005341
0.933287
0.817499
0.099826
0.130833
0.854488
0.381603
0.762322
0.071248
0.336039
0.026090
0.096002
0.402908
0.083759
0.355494
0.778364
0.994528
0.648433
0.723833
0.445626
1.153023
0.702521
0.542083
1.040719
0.643189
0.577613
0.882391
0.597283
0.236396
0.321604
0.234077
0.626789
0.655416
0.657826
0.765588
0.506296
0.547136
0.195308
0.443776
0.511881
0.937829
0.871142
0.153694
0.557507
0.979788
1.775908
2.207180
3.489022
3.619132
3.337410
2.902867
2.017037
1.904905
1.021464
0.343770
0.942805
0.430205
0.771831
0.995727
0.228828
0.030183
0.465346
0.118340
0.356456
0.390911
1.008917
-0.222463
0.118533
-0.811171
-1.089778
-1.532177
-1.223745
-0.768297
-0.347153
0.580384
2.317288
2.966908
3.375205
3.902326
3.165551
2.539875
1.721663
1.264891
1.039712
1.004303
0.961403
0.870788
0.570208
0.939726
0.700586
0.328456
1.094834
1.125803
2.015909
1.663969
2.169388
1.954718
3.146840
3.329401
3.180221
1.801232
0.366845
-0.558343
-0.698305
-1.037015
-2.377603
-1.497612
-0.825574
-1.748486
-1.956236
-2.216695
-1.351799
-0.129948
0.043296
0.828177
0.082705
0.917570
0.806055
0.255991
1.143417
3.263501
5.238999
6.126213
7.728481
9.310807
11.510239
12.680297
12.381921
11.120765
7.982751
4.761857
0.912239
-2.664077
-4.961327
-6.680574
-6.559257
-5.850333
-4.630933
-4.980228
-5.073266
-1.923500
-0.369119
1.061814
0.434945
0.202826
0.681342
0.314307
1.909210
5.083029
7.363607
8.939756
9.198304
11.724475
12.555462
12.301853
11.511796
11.198930
8.644820
6.490273
4.719896
1.973570
-0.011926
-3.237937
-4.166809
-3.649906
-3.396062
-5.819340
-5.661248
-2.490085
-0.340552
1.211557
0.360309
0.975686
0.578814
-0.147339
2.370206
5.215393
6.114012
5.408939
3.757808
3.659760
4.058573
3.624313
4.855539
4.350152
2.521408
1.137846
1.105695
0.583551
0.123920
-1.077573
-1.808548
0.767114
-0.470708
-3.566185
-5.020359
-2.226126
0.455683
0.605208
0.733486
0.985038
0.310658
-0.692516
1.318146
4.395639
2.801306
1.418678
-2.232029
-2.320174
-2.367412
-1.849556
-3.145161
-4.881445
-5.031519
-2.420674
-0.377468
0.340991
1.243740
1.251038
1.930567
3.941252
2.125737
-1.746793
-3.398862
-2.255256
0.879332
1.367732
0.306399
0.867165
0.256553
-0.381477
1.083656
1.880006
1.287082
-2.046147
-6.546397
-7.906896
-9.149368
-11.495465
-12.962911
-11.584186
-8.064424
0.806295
3.476451
4.575366
5.641268
5.086731
3.292093
4.196849
3.242058
-0.664668
-2.560213
-1.111966
1.261123
0.538032
0.228840
0.525053
0.161032
-0.334272
0.392502
-0.334096
-2.084585
-4.995551
-9.137149
-10.261870
-14.300823
-17.318359
-15.213950
-9.043423
-2.590424
6.001501
8.804537
10.070466
8.630760
4.946872
2.600118
2.643779
0.281579
-0.322338
-1.923309
-0.219134
1.600298
1.292516
0.775825
0.423569
0.550609
-0.435364
-0.450815
-1.513600
-3.477625
-5.751160
-7.938548
-10.666385
-12.361786
-12.256725
-6.233139
0.974237
5.676777
11.895568
11.537300
9.499532
8.219766
4.294051
0.054842
-1.267895
-1.994837
-3.305626
-2.563376
1.001193
1.512433
0.829723
0.429149
0.385718
0.685877
-0.287853
-0.594775
-1.588181
-2.992036
-4.180442
-4.859557
-5.773562
-7.179886
-2.840623
3.420046
6.036806
5.753685
9.238648
8.299171
6.909557
7.871528
2.090829
-2.658461
-4.949419
-4.920470
-4.890336
-2.364820
1.263894
1.041226
0.730903
0.518163
0.912847
0.359281
-0.092326
-0.191100
-0.629852
-1.589365
-1.684234
-1.545360
-1.285471
-0.616421
4.009648
6.476218
5.875823
3.637196
6.709092
5.702231
6.141629
10.066872
4.426858
0.203487
-2.650891
-3.791303
-3.513729
-1.081208
1.297161
1.369538
0.799961
0.871204
0.349029
0.540358
0.523446
-0.059019
-0.355077
-0.381427
-0.877858
-0.264148
-0.748876
-0.109980
2.149633
4.065416
2.777348
0.902824
3.874549
4.199324
6.709745
12.379437
9.619515
5.876930
2.130715
0.526308
0.358735
0.228254
1.697280
1.073771
0.354528
0.644170
-0.007083
0.358553
0.547260
1.783971
0.914097
0.568346
0.325351
-0.753740
-0.976712
-0.777101
-1.811477
0.064205
-1.464302
-0.568309
1.213323
0.154589
4.521487
11.992608
10.079467
8.180412
5.614831
3.832789
2.155231
1.617337
1.727957
0.696784
0.776077
0.327132
0.435842
0.716539
0.750088
2.599531
1.517196
0.203694
-0.615217
-1.727429
-2.194653
-4.806131
-5.605696
-5.186223
-4.036510
-4.962550
-4.527668
-4.661555
0.778165
9.317079
10.101261
8.433839
7.424120
6.056315
5.044275
1.729202
0.014046
-0.117852
-0.217767
0.880455
0.361126
0.960884
1.896768
5.037990
2.628026
-0.386896
-2.009047
-3.743703
-4.568193
-7.261743
-9.821898
-8.850273
-9.160284
-9.859436
-8.640501
-5.562679
-1.505967
4.355884
6.360764
8.872614
7.292610
6.036780
4.353051
0.017341
-1.567695
-1.063574
0.038977
0.498393
0.021015
0.697254
2.506986
7.832491
5.570717
0.915592
-2.447943
-5.585513
-5.490122
-8.298763
-10.274164
-10.164120
-9.556570
-11.056108
-9.348174
-5.001164
-0.842384
3.848848
4.920615
7.828241
5.718124
3.591211
2.224051
-2.243248
-3.818196
-1.467103
0.012272
0.370076
0.728126
0.649715
3.024813
9.289345
9.488010
2.674571
-2.072577
-4.471914
-6.168035
-6.872614
-8.370151
-8.277650
-10.070333
-9.023906
-7.549869
-2.633539
0.323700
4.884785
6.452250
6.064447
3.764091
0.728022
-1.233470
-5.050233
-5.417865
-1.528518
-0.361429
0.587909
0.048677
0.129826
2.984725
10.925903
10.966145
6.256965
1.904993
-1.146005
-2.423470
-4.383486
-4.718028
-6.808233
-5.625822
-4.807214
-2.462582
0.484130
3.146976
5.334266
6.308237
2.762200
0.619339
-2.469474
-4.307944
-6.786389
-5.551617
-0.923192
0.748130
0.182891
0.842371
0.168163
3.232720
8.929285
12.462405
7.865815
4.369888
1.719667
0.673294
1.422720
0.001565
-0.126857
-1.563787
0.234579
2.191492
2.666691
4.120800
5.526125
2.737658
-0.083346
0.274345
-2.904970
-6.423979
-6.194062
-4.078669
-0.363161
0.455154
0.173927
0.443738
0.902289
2.236528
6.552907
10.029430
9.339536
8.114845
5.317414
5.742889
5.349637
3.647981
2.181626
1.767583
1.860279
2.172897
2.708178
2.018042
1.832520
-0.132919
-2.098237
-3.230415
-4.831471
-5.994779
-4.028491
-1.695166
0.036242
0.479474
0.360273
0.814386
0.069277
1.685275
4.946991
8.119597
8.806451
10.016999
9.034105
9.646757
8.541737
9.164144
7.780095
6.681940
4.015776
1.907528
0.855860
-0.758820
-1.048438
-2.625932
-1.582662
-2.816832
-2.883358
-3.410085
-1.117395
0.202856
0.446671
0.405793
0.079134
0.544542
0.662038
0.745394
2.518701
4.382787
6.326556
8.039035
8.854835
9.350768
9.565346
9.317139
7.978640
6.053997
4.145578
0.123937
-0.636030
-2.005310
-3.092653
-1.586462
-2.106137
-1.783213
-1.316493
-0.524959
0.623516
0.837255
0.533973
0.253545
0.871883
0.186773
0.835994
0.258040
0.561753
0.894553
1.359816
2.176374
2.248762
2.354166
2.579881
1.973854
2.011739
0.694668
0.356206
-0.691439
-2.101727
-2.370425
-1.963114
-1.153195
-0.517306
-0.902204
0.328130
0.532159
0.620025
0.270200
0.122533
0.038905
0.446577
0.861843
0.056825
0.461653
0.837502
0.756055
0.133324
0.373911
0.581099
0.708197
-0.406886
-0.454817
-1.714192
-2.259349
-2.786869
-3.265184
-2.730456
-2.440533
-1.287708
-0.647609
-0.554035
0.629131
1.026918
0.507981
0.353198
0.826200
0.373531
0.100497
0.650685
0.634327
0.809595
0.318705
0.946074
0.331513
0.761051
0.296757
0.262057
0.287796
0.401070
0.302648
0.106144
0.250232
-0.189004
0.310302
-0.213478
-0.578223
0.362561
0.076991
0.126801
0.137029
0.779984
0.937875
0.741453
0.746605
0.993591
0.434828
0.902005