0.946532
0.701132
0.587542
0.025819
0.273324
0.778954
0.212592
0.475509
0.248543
0.983917
0.895230
0.466811
0.374163
0.775512
0.048002
0.072813
0.130955
0.965636
0.410932
0.494125
0.685781
0.191015
0.723289
0.616993
0.061525
0.059297
0.446303
0.520768
0.961486
0.035310
0.961394
0.233955
0.282337
0.985842
0.568968
0.980177
0.310087
0.263544
0.408533
0.700138
1.214054
0.398423
0.949230
0.709298
0.715603
0.984561
0.324077
0.695599
0.009834
0.883731
0.449268
0.152102
0.298868
0.345561
0.168828
0.880642
0.485122
0.097964
0.537862
0.171240
0.426408
0.508229
0.583620
0.736170
1.191477
1.264414
1.649126
2.272286
1.236719
0.814925
0.131647
-0.830064
-0.938893
-0.665293
-1.467352
-1.864926
-1.027031
-1.076376
-0.184646
0.477633
0.420084
0.661031
0.194952
0.287637
0.399823
0.171209
0.199345
0.649274
0.885122
0.168107
1.030803
0.995778
1.153764
2.100561
2.644587
2.338882
2.436389
1.328984
-0.230391
-0.958995
-2.104582
-3.820231
-4.316716
-4.496993
-3.776332
-2.296218
-1.021196
0.003618
0.181002
0.443729
0.221188
0.325907
0.568041
0.319653
0.230617
0.452614
0.305831
-0.356567
0.581227
0.281029
-0.310640
0.550114
1.495887
1.607533
-1.585969
-2.463405
-2.945405
-3.954247
-2.951925
-3.239357
-2.560510
-2.398656
-0.131947
2.795611
5.213973
5.663593
4.313403
1.490051
0.585683
0.237393
0.944426
0.948057
0.207259
0.165857
-0.958423
-1.144336
-1.034092
-2.030603
-1.762144
-1.871758
-1.489416
-2.006190
-4.400383
-6.203184
-9.070605
-8.689591
-7.322235
-4.167132
-1.406709
1.096172
4.344494
7.782301
12.613530
15.064805
11.844187
6.447732
1.907739
0.474462
0.854152
0.797674
0.185011
0.281978
-1.271689
-2.015614
-2.376215
-3.149627
-2.112530
-0.985834
1.157572
0.651685
-2.015607
-4.638571
-5.998348
-6.841697
-3.903332
-0.200596
1.894358
4.170874
7.095511
9.820259
15.371896
20.535035
21.487857
12.537683
3.410577
1.312849
0.902581
0.125740
0.658352
-0.362904
-2.172580
-1.394644
-1.090769
-0.100427
0.797391
2.030047
2.462407
0.536559
-1.737257
-3.225719
-3.730367
-3.310374
-0.554453
1.158602
3.620060
5.862616
5.713554
8.147033
14.095379
22.310433
27.864767
18.839263
5.431698
0.893305
0.501192
0.040619
0.864138
0.249731
-1.671847
-0.143022
0.466141
2.074531
2.210121
3.123990
2.232784
3.862057
1.805605
0.484073
0.049000
0.400950
0.693395
1.204888
1.471780
0.489397
-1.179966
1.016282
6.722684
16.121126
27.727609
21.133994
4.823199
0.770112
0.451059
0.540635
0.950827
-0.052763
-1.111514
0.680317
2.237091
4.892977
4.594562
4.503221
6.086362
6.212516
3.486912
2.100092
-1.595104
-4.104819
-5.578479
-5.726642
-6.160847
-6.603335
-7.341207
-7.009352
-2.325348
5.606681
18.336870
17.082614
5.059033
0.693995
0.564447
0.578125
0.399076
-0.225657
0.662600
3.235735
4.402577
6.665960
5.497488
6.797013
7.714249
7.258103
6.809374
3.841083
0.463558
-5.416439
-8.536189
-11.187526
-13.493873
-14.712422
-15.087268
-14.998748
-12.834755
-5.645628
6.573971
9.717231
2.947104
0.787655
0.812560
0.490445
0.088662
0.392321
1.951300
3.887189
5.487637
5.512886
6.512190
4.814821
7.535127
8.302360
8.308474
6.378483
2.712110
-2.945642
-8.223061
-11.902867
-15.532280
-15.535102
-17.101278
-19.392403
-18.329570
-12.796313
-2.677557
4.452629
1.836266
0.047155
0.949870
0.020734
0.504800
1.095217
1.782796
3.661663
2.957368
4.238029
4.526758
6.686270
9.255904
7.925774
8.684862
8.904385
6.461696
-1.035621
-6.551116
-9.521740
-9.754795
-8.604313
-11.874369
-15.056508
-16.217013
-13.841478
-6.435483
1.299134
0.853245
0.921853
0.067719
0.450626
0.553617
0.426309
1.852855
1.675524
0.539182
2.437371
4.605336
8.779256
8.013882
6.719561
6.812870
8.999410
5.619165
0.050667
-1.774027
-3.672112
-3.113845
-3.234522
-5.378276
-10.585867
-11.720909
-11.325731
-5.874966
0.796070
1.008036
0.062037
0.102120
0.056295
0.642981
1.355632
1.420293
-1.607417
-3.902221
-1.085538
3.246704
7.899138
6.303008
3.930587
3.921917
3.777479
2.166780
-1.457493
-1.630928
-1.001784
-0.296389
1.649226
-1.693127
-6.077758
-8.680577
-7.979066
-3.573299
0.692168
0.628324
0.089371
0.591140
0.426821
0.250850
1.191593
0.274434
-5.042126
-6.896857
-3.614852
-1.992863
1.751880
0.514050
-0.384269
0.926720
0.710888
0.554731
-1.469845
-0.085207
-1.529038
1.054845
1.541094
-1.848197
-5.129153
-5.718971
-3.647494
-0.747473
0.156611
0.220433
0.147136
0.054742
0.654092
0.718919
0.997077
-0.086315
-5.460775
-4.641975
-5.058856
-4.088969
-3.636106
-5.568115
-5.718351
-3.293872
-2.362874
-0.113698
-0.218682
-0.454273
-0.684668
1.698713
1.778927
-2.542842
-2.940218
-3.757404
-1.905653
0.306633
0.233853
0.599623
0.642552
0.019990
0.096029
0.327969
0.927420
-0.131224
-2.074955
1.787564
-1.250519
-5.549754
-5.411231
-7.486827
-7.709173
-4.624335
-1.721618
1.431790
2.134035
2.069180
3.078881
5.096004
1.712135
-1.928200
-1.986503
-0.822812
1.341133
0.642719
0.180393
0.467777
0.660198
0.679821
0.729299
0.533734
0.720912
0.453209
1.424418
7.491049
3.879611
-2.225162
-5.052015
-7.470683
-6.967451
-4.878838
-1.370641
3.107240
2.677365
2.130715
3.240901
2.879601
0.569008
-0.899495
0.495352
1.066986
2.394334
1.388762
-0.347558
0.123026
0.205232
0.180765
0.775460
0.761233
-0.074957
-0.430957
2.227366
11.164211
9.834841
5.183704
0.725870
-3.328788
-3.422078
-1.448685
0.118414
0.863699
1.089648
0.234285
2.644667
2.077304
1.453720
1.800973
2.799691
2.725586
2.594927
1.090634
-0.421896
-0.056429
0.049351
0.813562
0.519626
0.469304
0.113880
-1.438551
1.611290
9.548207
13.671574
11.853836
9.515126
4.762402
3.497015
1.966531
1.258536
-0.153852
0.223775
0.012705
0.269610
2.037385
2.794432
4.355024
3.824267
3.192607
2.893622
1.277944
-0.466041
0.100875
0.675848
0.122621
0.260294
-0.219581
0.060303
-1.536392
-0.988339
6.142915
10.852896
11.630453
11.924532
9.695060
7.753451
3.088945
0.432139
-0.088447
-0.787329
-0.768219
1.029890
4.968828
4.440486
3.549899
4.871105
3.641032
2.728302
0.199145
-0.157987
0.382359
0.948782
0.535567
0.093322
0.057666
0.594991
-1.376317
-3.570207
-1.514946
2.033660
6.375239
9.077442
9.033959
6.881998
4.709310
1.677700
-0.243899
-0.138214
3.345245
4.029834
5.260509
5.374352
4.547826
5.260489
3.721920
1.673230
0.523967
0.542407
0.634145
0.358799
0.202551
0.249825
0.718721
-0.260406
-0.305870
-2.626163
-4.293739
-3.875086
-2.154826
0.197479
2.209716
4.347144
3.541096
3.448595
2.898985
2.966720
3.136764
3.335552
3.847299
4.793685
4.264328
3.667378
2.078042
1.795279
0.697034
0.073263
0.368278
0.782983
0.917447
0.293466
0.723501
0.278775
0.772376
-0.710330
-0.786164
-1.121630
0.371699
-0.427352
-0.040566
0.456252
1.412176
0.659680
1.414578
0.598783
-0.098958
-1.012349
0.235593
1.724378
2.085565
2.047904
1.234476
1.388225
1.042498
-0.045932
0.468827
0.958678
0.607837
0.481979
0.672567
0.404795
0.881840
0.057426
0.312385
1.338612
1.508696
1.070565
1.909936
1.674909
1.911058
1.530646
0.936481
-0.873402
-1.335587
-0.662989
-0.355407
-0.017837
0.528034
0.491198
1.422801
0.829426
1.101824
0.423055
0.641107
0.241462
0.375042
0.526536
0.914914
0.218908
0.376464
0.604195
0.631891
-0.285298
0.181648
-0.584651
-0.426631
-0.154005
-0.177617
-0.405208
-0.275951
-0.041428
-0.307673
-0.187939
-0.331271
-0.059559
0.044715
0.900880
0.620465
0.889366
0.634154
0.402757
0.020173
0.706320
0.538926
0.334513
0.668569
0.200690
0.418274
0.639783
0.131464
0.740293
0.084313
0.859127
0.419691
0.715916
0.738901
0.201655
0.168557
0.655554
0.659895
0.360308
0.797049
0.659421
0.672412
0.610768
0.403291
0.757994
0.500687
0.274148
0.105136
0.933073