0.048463
0.346141
0.018555
0.978423
0.647633
0.053652
0.914151
0.637471
0.431715
0.021058
0.242592
0.391949
0.653287
0.781160
0.021885
0.825102
0.138432
0.634266
0.550401
0.983489
0.463424
0.214789
0.300699
0.782159
0.342540
0.480605
0.608020
0.102512
0.984436
0.755821
0.150884
0.456404
0.705750
1.000060
0.806182
0.640024
0.613929
0.953958
0.670223
0.321715
0.692451
0.388366
0.660699
0.754202
0.238119
0.482813
0.401581
0.823965
0.531918
0.666906
0.591307
0.444528
0.798761
0.745537
0.988922
0.204627
0.629475
0.909818
0.586086
0.942346
0.498382
0.500214
0.473970
0.986960
0.932784
0.146968
0.264874
0.605287
1.729792
2.179144
2.081134
1.049227
0.627453
-1.342682
-1.912795
-2.394989
-1.897796
-1.523447
0.170109
-0.242942
0.485259
0.017975
0.172796
0.660237
0.332438
0.315958
0.668937
0.430240
0.435309
0.122970
0.440443
-0.509689
-0.760713
-0.928766
-0.841277
-1.511878
-1.116346
-0.506281
-0.420492
-2.691114
-5.087774
-7.876612
-8.459796
-8.055421
-5.640528
-3.443301
-1.367981
-0.270934
0.496748
0.282805
0.343502
0.112186
0.904660
0.822349
0.457681
0.085615
0.777641
0.140143
-1.340959
-2.736835
-3.913417
-5.871605
-6.161467
-3.834028
1.316894
7.421647
8.558978
6.291776
3.419456
1.991718
4.231144
4.984656
4.167386
2.337914
1.696963
0.132374
0.323427
0.084199
0.121899
0.144156
0.388256
0.181219
0.607208
0.201566
0.653903
-1.045502
-2.157937
-4.320460
-6.571081
-8.179410
-7.083233
-2.991751
2.650873
9.403531
9.314861
5.127069
4.064850
4.989151
7.321666
8.078073
7.646499
4.863864
1.752183
-0.095575
-0.496877
-0.470459
0.615413
0.028735
0.490890
0.626099
0.709378
0.662551
-0.019453
-1.176706
-3.320582
-5.947587
-7.766343
-9.239203
-7.785978
-5.367438
-1.243163
0.395110
0.191536
-2.787922
-2.690527
-0.405211
2.819660
3.972940
3.212965
2.480498
-0.454006
-0.960694
-2.505422
-1.271307
0.195759
0.161530
0.153801
0.066798
0.766788
0.079873
0.226683
-0.928950
-3.217927
-5.840744
-6.811704
-7.845401
-7.404749
-6.518576
-3.412729
-2.255245
-0.751034
0.949442
0.309565
-0.101407
1.001164
1.423263
0.445007
-2.028255
-3.016185
-3.864170
-3.380258
-2.428751
-0.552313
0.139534
0.226709
0.904992
1.227025
1.476527
1.090034
-0.301054
-2.911090
-4.081493
-5.304228
-5.459579
-5.844063
-5.875382
-5.523749
-0.818679
5.881757
11.349029
8.277345
2.624452
2.964039
2.662881
-1.611201
-3.998599
-5.120207
-5.098867
-4.635447
-2.994121
0.221015
0.703716
0.728824
0.216449
1.061195
1.569144
1.187521
0.202010
-2.111621
-2.539640
-3.911601
-2.307256
-3.776920
-7.583445
-8.115362
0.706906
12.958017
18.269370
8.274902
-0.433223
0.017473
0.888092
-3.249548
-5.098103
-4.898518
-4.044801
-4.228394
-2.885938
-0.011511
0.154294
0.576279
0.980860
1.188807
0.835745
0.893565
0.653336
-0.500867
-1.265348
-1.333455
0.420372
-3.820722
-11.154626
-12.012525
2.839803
21.462014
19.882292
3.237384
-5.166103
-3.155394
-0.935307
-2.305390
-2.242790
-2.400508
-2.158704
-2.215107
-1.175705
0.069810
0.583689
0.446735
0.155532
1.159942
0.505017
0.430526
0.429759
0.055841
0.002150
1.734798
2.630804
-3.993763
-17.096981
-16.238586
7.663619
26.523838
16.912756
0.502193
-9.816665
-5.450184
-1.222020
1.745415
0.700231
0.297976
-0.211282
0.098912
-1.022693
0.376727
0.970528
0.510265
0.780138
0.398582
1.099022
0.869839
1.017869
0.486779
1.046156
3.434077
3.568317
-7.132220
-23.218313
-16.866653
19.551051
25.246462
13.619441
0.485651
-12.479158
-8.114448
2.530937
4.494691
4.012297
2.330077
1.855041
0.820196
0.419264
0.619487
0.432077
0.713457
0.386674
0.692693
0.698730
0.879643
0.877063
1.520302
2.355813
5.381023
2.956134
-8.469195
-25.878969
-12.829514
24.852146
19.670277
13.287489
2.468685
-17.411688
-6.820751
5.189480
5.721144
3.612047
2.218269
1.447965
1.057473
-0.063030
0.597522
0.239080
0.305714
0.756281
0.936442
0.456664
0.428726
1.513551
2.168117
3.593670
5.615986
1.233055
-11.721050
-24.418591
-3.625265
23.646432
15.065838
15.983952
-1.257877
-20.732881
-3.435652
6.189215
4.093224
1.033774
0.858534
0.673588
0.624611
0.343897
0.349523
0.276087
0.485739
0.403845
0.898875
0.441089
0.518942
1.223892
1.838651
3.536737
4.355456
-1.286006
-11.889511
-17.325656
3.381822
21.469389
15.834784
19.270667
-9.301553
-19.876844
-0.357737
5.267567
2.188632
-0.014677
-0.371589
-0.419596
-0.119404
-0.183518
0.460186
0.751313
0.664171
0.338480
0.683857
0.402814
-0.037749
0.293862
0.726623
0.826048
0.502953
-4.167246
-9.832991
-8.252770
6.146921
20.599232
19.980744
14.467859
-14.734505
-13.725832
0.544593
3.298120
0.665085
-0.620916
-1.070101
0.007876
-0.794345
-1.616686
-0.359908
0.776379
0.249214
0.617409
0.106987
-0.557978
-1.103906
0.077793
-0.431851
-0.339345
-2.621245
-4.895737
-5.648036
-2.787883
8.080147
21.682581
21.509163
3.219050
-13.618222
-9.433250
-0.093656
0.989438
-1.096490
-1.201446
-0.378388
-0.988805
-1.980133
-1.968550
-0.324251
0.222528
0.600886
0.528116
0.010635
-1.240685
-2.103052
-1.958511
-2.638987
-3.094285
-3.216043
-3.911167
-4.042968
-0.654729
8.571099
21.795002
16.279247
-4.073243
-10.444927
-7.278043
-1.347583
-1.179169
-1.691899
-1.873078
-1.566671
-2.139839
-2.887282
-1.727920
0.219142
0.353447
0.781075
0.064945
0.298823
-0.837882
-3.225246
-4.152656
-5.624669
-5.966690
-4.246626
-3.060361
-1.776948
1.324573
9.737697
20.204815
8.237829
-4.458586
-5.630192
-4.895287
-4.271857
-3.237727
-2.786642
-3.457905
-3.216564
-3.456352
-3.128898
-1.286487
-0.200101
0.346345
0.982055
0.488224
0.147514
-1.693456
-3.122281
-3.564014
-5.425420
-6.372294
-4.505014
-2.267735
-0.992874
1.630613
7.232944
11.921541
3.070597
-2.092682
-1.368806
-4.107721
-4.946486
-4.204173
-4.585102
-3.836196
-3.895808
-3.435103
-2.040805
-1.009364
0.343896
0.773085
0.347915
0.061842
-0.109895
-0.942464
-2.449887
-2.764569
-4.258848
-4.135824
-1.410783
-0.759259
-1.987810
-1.774221
1.330917
3.707840
1.015692
1.767772
1.646651
-1.132597
-3.186239
-4.336454
-4.827048
-3.747805
-3.574194
-2.142575
-1.389806
0.096129
0.209564
0.059160
0.618675
0.365103
0.098840
-0.481748
-0.978500
-2.028396
-1.881810
-0.730013
2.866191
3.405132
0.915912
-2.098046
-2.345943
0.504054
3.309897
6.147518
5.295836
2.450624
-1.437103
-3.163071
-2.505321
-2.525782
-3.199621
-1.604280
-0.145547
0.667429
0.352519
0.612033
0.746910
0.873836
0.753624
0.057758
-0.670488
-0.062061
-0.289074
1.250521
5.538625
7.120576
6.006027
3.539231
1.679743
5.776819
11.657166
13.875462
11.812279
7.337332
2.920039
0.660890
0.496528
-0.219765
-1.027773
-0.248141
-0.160105
0.935855
0.180100
0.565477
0.962554
0.573901
0.846762
0.183821
0.086945
0.120436
-0.746588
-2.099213
-3.702240
-5.872416
-8.212247
-9.424385
-9.179071
-5.011067
-1.067519
2.530640
3.777333
3.871260
3.408776
2.577629
1.984372
1.217965
0.169525
0.151475
0.338190
0.300457
0.343459
0.824244
0.853511
0.311533
0.190731
0.526579
0.225840
0.102226
-1.718384
-3.494449
-5.573230
-7.922129
-8.549442
-7.430449
-6.545632
-5.114255
-2.807708
-1.538770
0.242006
1.826555
2.237427
1.184850
0.721462
0.487109
0.253016
0.416610
0.469216
0.634800
0.334182
0.079318
0.614521
0.142827
0.280709
0.819103
0.301811
0.548934
-0.779555
-1.557066
-1.619184
-2.281229
-2.133490
-0.782008
-0.026941
-0.373429
0.974902
0.882631
1.966630
1.564899
0.908954
0.790634
0.574259
0.297144
0.443136
0.782268
0.858477
0.386767
0.427473
0.724174
0.734916
0.091403
0.081729
0.753075
0.825573
0.606342
0.277387
0.357904
-0.023076
0.389706
0.204283
0.470142
1.284324
0.768741
0.909997
0.730902
0.844490
0.502882
0.402343
0.302741
0.204038
0.339674
0.070940
0.501834
0.963683
0.809259
0.446455
0.912992