0.001251
0.563585
0.193304
0.808741
0.585009
0.479873
0.350291
0.895962
0.822840
0.746605
0.174108
0.858943
0.715922
0.518955
0.302710
0.013700
0.091403
0.364452
0.147313
0.165899
0.988525
0.445692
0.119083
0.004669
0.008911
0.377880
0.531663
0.571184
0.601764
0.607166
0.166234
0.663045
0.451469
0.351940
0.077496
0.620858
0.782556
0.787926
0.551211
0.423804
1.034670
0.880554
0.994907
0.920235
0.566258
0.176386
0.443652
0.197342
0.825521
0.164855
0.766945
0.852980
0.996796
0.999695
0.611499
0.392438
0.266213
0.297281
0.838297
0.035703
0.388672
0.036824
0.630487
-0.075982
-0.311883
0.346377
-0.248346
0.027218
0.290753
0.432065
0.281763
-0.717549
-1.450507
-2.712090
-2.291311
-2.124932
-1.492019
-0.171408
0.136526
-0.131185
0.513145
0.365432
0.735008
0.608966
0.572405
0.361339
0.155247
0.199330
0.384396
0.592609
0.196254
0.417633
-0.517032
-1.248586
-1.497468
-1.343693
-1.391908
-2.139672
-2.540267
-4.436942
-6.177516
-6.888121
-7.569485
-6.295356
-4.619193
-3.252033
-1.858847
-0.917274
0.523110
0.625992
0.137044
0.877255
0.821680
0.582383
0.180483
0.131238
0.564287
-0.374564
-1.372515
-2.394259
-3.773933
-5.394440
-5.862329
-4.237294
-1.311291
1.032200
2.407698
1.665759
0.593555
0.205101
0.245953
-0.806786
-1.491557
-1.496215
-2.095183
-2.120455
-0.881035
0.206602
0.431563
0.346851
0.471725
0.374981
0.804493
0.254537
-0.070627
-1.186914
-1.557431
-3.631560
-4.368777
-5.316244
-4.724276
-2.774982
0.645127
3.979433
5.956141
6.562945
4.983288
4.588069
3.188038
1.051093
0.071081
-2.047325
-3.168634
-4.326069
-4.341863
-2.093271
0.326959
0.095887
0.109928
0.734565
0.255471
0.899111
-0.196920
-0.797970
-2.051450
-1.690141
-2.728686
-2.894847
-1.560129
0.604191
1.925642
4.361673
5.765501
6.790074
6.617625
5.968247
4.238886
2.741020
0.712716
-2.556308
-4.197985
-5.500689
-7.455630
-3.837744
-0.658909
-0.019257
0.436606
0.189516
0.660753
0.091739
-0.584004
-1.146395
-1.163013
-1.464364
-0.253245
-1.072331
-0.438336
0.916627
3.073738
5.494645
7.376346
7.807163
7.908232
8.833048
7.122656
4.801766
0.258843
-3.246855
-6.144024
-6.417534
-9.054104
-6.516687
-0.899828
0.186134
0.268910
0.759157
0.154315
-0.584759
-1.355093
-1.972384
-1.386928
-0.811303
-0.615007
-1.999132
-1.262670
-0.391724
2.464902
5.452739
7.310418
8.191031
8.765167
10.266656
9.037640
6.545646
3.231460
0.209515
-2.528143
-3.592568
-8.034864
-6.751757
-1.177372
-0.002541
0.746342
0.570629
0.194070
-0.621560
-1.989395
-2.834640
-1.390802
0.059260
-0.363082
-0.285714
0.743637
2.379146
4.660991
5.723520
5.875812
8.140527
9.773184
8.667794
10.053985
9.613564
6.846978
5.848124
2.697635
1.681813
-4.581977
-5.654543
-0.900825
0.723615
0.547655
0.385579
-0.206846
-1.409502
-3.341777
-2.451697
-1.590628
-1.119360
-0.471525
-0.640133
3.179640
3.814856
1.369515
1.614140
1.200578
3.924923
3.168927
4.029487
7.899429
7.945133
8.423685
10.059110
8.488415
9.643676
0.970385
-3.330153
-0.889906
0.438825
0.230888
0.275023
0.356475
-1.311407
-3.428666
-2.173133
-0.551893
-0.774839
-1.248519
2.385835
3.236738
0.577983
-1.893547
-3.272137
-3.139985
-2.844693
-1.740717
-2.078115
-0.963193
2.493801
6.794978
11.909998
13.713735
14.479176
4.955932
-1.140413
0.013478
0.331524
0.955819
0.630262
-0.224714
-1.363275
-3.285301
0.963464
0.752358
0.745654
1.106216
4.684057
3.665061
0.382720
-4.049697
-5.067097
-8.305847
-7.110426
-7.167674
-9.997045
-9.148125
-4.902801
1.228655
9.333160
15.106611
15.838593
6.819095
-0.223697
0.186500
0.308986
0.370330
0.663192
0.631611
-0.590064
-1.970026
2.714586
2.974191
2.623552
3.906194
6.778424
5.427620
-0.026475
-6.373241
-7.902122
-12.550904
-10.368086
-13.301124
-16.971609
-15.108825
-10.399107
-1.955536
8.637791
15.162974
14.346518
6.153496
-0.176658
0.797817
0.760739
0.741484
0.592660
0.236205
-0.615888
-0.952474
5.439708
5.312433
5.336471
7.427137
8.138531
5.395122
-0.850504
-6.745176
-9.724610
-12.414465
-11.661097
-14.424776
-17.340193
-13.205668
-8.847476
-0.704856
7.252438
11.371119
10.543086
4.298531
-0.367134
0.293985
0.428016
0.940176
0.832876
0.392009
-0.774676
0.533463
5.607601
5.491817
6.739229
9.074745
9.110180
6.239761
-1.516806
-7.783746
-10.856175
-11.558198
-12.060954
-13.741812
-11.377300
-7.923075
-3.295681
1.680046
7.770330
8.068659
6.067188
2.363511
-0.820974
-0.162111
0.405639
0.078571
0.661420
0.650019
-2.143854
1.575868
7.250946
6.299642
8.694673
8.313368
7.563633
3.507966
-3.240709
-9.856037
-11.488223
-12.655661
-9.346683
-9.282994
-5.303483
-3.905351
0.861415
5.456735
4.032811
2.778353
2.490978
2.323544
-0.450418
0.105518
0.978191
0.367534
0.690144
-0.080250
-2.970057
0.540184
6.377106
5.154588
5.945296
6.634192
5.067715
2.046012
-6.079005
-9.524814
-9.585590
-9.271975
-6.958510
-4.621451
-2.008171
-0.639242
3.926334
4.117549
1.389374
-1.126169
1.571088
0.143999
-0.704650
0.087518
0.270211
0.157880
0.615586
0.421950
-3.253903
-0.872054
4.978364
3.412558
4.830976
5.189414
4.480500
3.110946
-3.570909
-5.176731
-3.566019
-2.763642
-2.404187
-1.308405
-0.584363
2.333123
3.317082
0.653760
-2.277397
-1.677298
-1.602249
0.144537
-0.523305
-0.028366
0.345819
0.590581
0.119305
-0.397163
-4.318218
-1.262577
2.156578
1.693892
2.058773
3.079880
4.808639
5.597463
4.293351
3.740153
2.565686
1.814358
0.958349
-0.076369
1.072215
0.711266
0.406257
-3.164702
-2.946838
-2.104308
-1.463099
-0.720387
-0.140091
0.139260
0.392479
0.895322
0.735164
0.096981
-3.471268
-2.944728
0.189961
-0.824699
-0.230765
1.342698
4.161051
6.832497
8.765371
8.141167
6.359287
2.832933
1.174669
0.339000
0.827858
-1.091949
-3.329918
-4.624805
-2.951567
-2.926728
-1.551895
-0.824445
0.504245
0.659759
0.434717
0.688449
0.070158
-0.469200
-3.321855
-3.656206
-1.293176
-1.956846
-0.688472
0.319408
2.883863
3.716867
5.068967
4.318434
3.296392
2.549743
2.772743
2.648616
0.405808
-2.779726
-2.999874
-3.271557
-2.075266
-2.175284
-0.798061
-0.009884
0.582651
0.772914
0.708484
0.372918
0.384913
-0.335368
-1.443430
-2.548873
-1.474401
-1.195043
0.198500
1.911774
3.987180
5.933439
5.960935
5.591051
5.929679
6.725779
6.379510
2.596333
0.514362
-1.101744
-0.938795
-1.214646
-1.365878
-1.619873
-0.361597
0.741851
0.471027
0.366584
0.299902
0.026704
0.612568
0.219727
-1.023310
-2.118877
-0.795910
-0.445001
0.770051
1.657743
4.058250
6.173102
7.709666
8.238610
8.581236
7.594713
4.580916
4.548991
2.811377
1.751142
0.232419
-0.507888
-0.497662
-0.567392
-0.222328
-0.032839
0.253042
0.326479
0.232093
0.771020
0.371746
0.811064
-0.140921
0.205648
-0.424212
-1.427438
-3.381030
-4.709715
-5.635063
-7.199174
-6.826291
-6.563724
-4.897395
-2.511845
-0.787891
0.691970
2.088164
1.958431
1.221973
0.569048
-0.273282
-0.354088
0.400692
0.769208
0.182111
0.722894
0.480941
0.081484
0.806543
0.836213
0.122409
0.157804
-0.064331
-1.192466
-2.372012
-4.573008
-5.566806
-6.507588
-7.813791
-6.522926
-5.089527
-3.632385
-1.772021
-0.660995
0.416462
0.833833
0.622859
0.140768
0.383802
-0.149811
0.401365
0.170964
0.210027
0.975166
0.281747
0.022889
0.769219
0.151830
0.044156
-0.049449
0.050774
-0.182597
-1.231402
-2.257715
-3.037828
-3.841160
-3.330753
-2.863529
-3.082987
-2.378548
-1.520639
-1.441862
-0.627103
-0.385078
0.259020
0.072887
0.174449
0.655630
0.381700
0.080303
0.564341
0.709403
0.778466
0.864223
0.850551
0.293008
0.864376
0.623622
0.699593
0.705143
0.551587
0.577218
0.568661
0.434078
-0.020173
-0.332767
-0.908428
-0.679802
-0.090488
-0.300430
-0.370663
-0.334533
0.490372
0.685871
-0.053723
0.029588
0.348211
0.683889
0.807611
0.154088
0.142857