0.661977
0.811426
0.931974
0.630634
0.552507
0.637135
0.621143
0.089785
0.518937
0.934568
0.453261
0.476852
0.557824
0.870059
0.253470
0.937848
0.614490
0.414747
0.309641
0.223640
0.728019
0.848537
0.968688
0.516037
0.591479
0.389996
0.888150
0.307718
0.021119
0.321421
0.528336
0.796503
0.202960
0.373438
0.818252
0.720977
0.935429
1.563745
1.953253
1.889006
2.095271
2.223552
2.160200
1.692823
1.781795
1.429997
1.443965
1.515532
1.268465
0.835314
0.370357
0.191646
0.781762
0.951567
0.757317
0.185064
0.495193
0.899442
0.847837
0.602943
1.086264
0.274339
0.980405
1.488038
2.214868
4.195149
6.468986
8.104736
10.748974
12.881761
14.654342
16.375744
16.208572
16.131220
14.393397
11.792477
8.537233
5.681289
3.073315
1.320696
1.095528
0.092523
0.835047
0.755913
0.337199
0.809290
0.485127
0.344324
1.090104
0.891141
0.941664
0.789227
1.438660
1.626437
2.995441
4.517088
6.324120
10.499163
13.195976
19.035857
22.771235
26.901042
26.829882
23.780830
17.191393
11.125388
6.073452
3.664541
2.183807
0.760875
1.000683
0.963744
0.800317
0.540900
0.793460
0.379404
0.582761
0.220087
-0.323125
-1.701653
-1.878744
-2.352080
-2.578819
-4.353991
-4.534507
-3.688467
-3.385143
-0.668831
3.832873
6.079313
9.177159
9.437859
7.223306
4.259098
3.246519
1.051286
1.293545
1.076887
0.063264
0.363237
0.085910
0.841670
0.982478
0.199340
0.346337
-0.272038
-1.395700
-1.680109
-2.956143
-2.372366
-2.905004
-3.111303
-4.406308
-6.033267
-5.696653
-2.465097
0.078536
1.138783
-0.213717
0.642908
-1.692740
-2.657781
-3.230123
-1.882564
-0.175303
0.095929
0.027658
0.957351
0.582720
0.879972
1.043982
0.849228
0.212274
-0.288447
-1.754181
-1.270986
-2.649129
-2.055545
-3.520791
-4.566653
-5.516285
-6.273427
-4.683514
-4.764763
-4.836953
-6.366435
-6.963386
-6.941998
-7.720905
-7.838970
-7.172425
-4.521338
-1.282968
-0.471400
0.077913
0.634244
0.863508
0.126084
0.519263
0.138068
-0.294115
-0.726279
-0.580819
-0.002699
0.442023
-0.039673
-0.528210
-2.791970
-3.099756
-2.081382
-0.752759
-3.251189
-5.383654
-8.617528
-9.920592
-8.851837
-8.800091
-8.068309
-7.857966
-5.322584
-2.230779
-0.407547
0.500759
0.536753
0.416345
0.993077
1.079161
0.613379
-0.493644
-0.527441
0.124641
1.928036
2.662988
2.503211
-0.178156
-1.830815
-0.697889
2.037044
-0.631048
-4.952466
-8.600938
-11.031424
-12.122123
-11.015895
-7.598024
-7.609230
-7.345558
-4.791774
-2.622110
-0.258871
0.563424
0.875565
0.581417
0.994837
0.856393
0.948778
0.009358
-1.201917
0.590111
3.716386
2.786346
0.225221
-1.375450
-0.262038
3.147039
2.513016
-1.774256
-7.318961
-11.521452
-13.446490
-13.157812
-12.084641
-9.905076
-9.209633
-8.016873
-6.192058
-2.885551
-1.026289
0.053817
0.409578
0.602311
0.338101
0.856939
0.720891
-0.211811
-0.824746
2.294809
3.409962
1.147170
-0.707361
-1.769243
1.929636
5.445858
2.899605
-0.648833
-6.359548
-9.874225
-11.748658
-11.342277
-10.594418
-8.776086
-6.984447
-6.675251
-4.102206
-2.437735
-0.772772
0.272345
0.327371
0.391656
0.659304
0.721520
0.250607
-0.024385
0.756168
2.683700
3.018343
-0.145121
-2.550091
1.213158
4.966406
6.005843
3.433195
0.359105
-6.596382
-9.576572
-7.361319
-6.189196
-4.675471
-3.662221
-3.268207
-1.318337
0.152492
1.251751
0.174692
-0.303021
0.866269
0.841538
0.795089
0.627184
0.173326
-0.410179
0.755348
3.648673
1.329236
0.038839
-0.598996
4.023378
8.084679
6.997906
3.961509
0.517943
-3.109449
-2.733924
0.514501
-0.088441
-0.298016
1.036336
2.347169
5.619994
6.099969
3.651363
0.264222
-0.237403
0.674225
0.224298
0.633877
0.696641
0.303336
-0.170261
0.278391
1.991683
1.886767
1.000800
3.621457
7.312930
9.209467
5.653049
2.868422
0.749360
2.188160
5.764065
6.245474
3.540734
2.775213
3.721842
6.216523
10.982749
9.966610
6.241631
1.461256
0.230683
0.155687
0.657551
0.501582
0.593446
0.622715
-1.659659
-1.218660
-0.612347
0.775327
1.370789
4.884983
8.767632
6.136392
0.724378
0.056183
4.325308
8.877002
11.163608
7.813222
1.855891
1.054789
3.517257
9.409458
11.902186
11.059458
6.972271
1.948283
-0.398730
0.529579
0.025141
0.176849
0.670826
-0.319768
-1.497664
-3.592434
-2.099195
-1.913387
1.587159
4.259828
6.433054
1.124425
-4.475585
-1.339949
6.353157
8.673144
6.929712
0.692708
-2.474730
-0.127743
3.629538
8.532565
11.824113
8.710044
5.406706
1.552642
-0.500323
0.247317
0.426247
0.634935
0.083916
-0.297197
-3.572466
-5.262094
-5.143929
-4.100700
1.015483
3.701696
5.063547
0.778766
-2.787360
1.328304
5.840463
3.881181
-0.300854
-4.052722
-2.968623
1.073073
6.397966
8.324714
9.048802
6.841980
2.216819
-0.680159
-1.171024
0.313136
0.532182
0.637338
0.489000
-0.204299
-4.163914
-6.228530
-5.741948
-4.216197
2.050313
6.403591
8.743262
7.114611
1.535520
0.538403
0.460095
-4.527956
-5.649760
-3.502526
1.666016
7.011646
8.211355
8.400979
5.907705
1.920877
-0.626299
-2.026095
-0.529808
-0.096640
0.903281
0.825349
0.754308
-0.484460
-4.335237
-7.231610
-5.794177
-2.162698
2.972106
10.173876
15.934025
14.118032
7.818258
1.714590
-2.427382
-4.889891
-0.014536
4.338705
8.334391
9.568855
7.857875
3.801786
1.616700
-2.169255
-2.830933
-3.339663
-0.013346
0.340532
0.677524
0.423429
0.403632
-0.754602
-3.407099
-5.795763
-6.320960
-3.128491
0.969028
9.948606
16.716951
15.628655
10.750181
4.680713
3.307381
2.774629
6.082099
9.472497
11.063347
8.740517
2.615467
-0.840361
-2.570443
-4.617759
-5.344032
-2.196142
0.217839
0.383700
0.555834
0.165109
0.380751
-0.564457
-2.495595
-4.759609
-5.800439
-5.366426
-2.941412
4.321721
11.162119
14.037929
12.673850
9.845810
10.304633
11.509170
12.806387
12.171361
9.231753
3.981401
-0.409306
-4.030371
-5.350605
-5.962453
-4.622741
-1.511690
-0.353060
0.250046
0.705038
0.580858
0.572489
-0.072207
-1.827879
-2.600714
-4.320573
-5.824704
-5.989812
-3.738250
5.870672
11.401991
14.750012
15.892111
16.664023
16.380895
14.005260
9.069941
5.199677
-0.307217
-2.757284
-5.238732
-5.432248
-4.281326
-2.545220
-0.305104
0.406183
0.089227
0.375712
0.859168
1.130310
0.229136
-0.588288
-0.324394
-0.468324
-2.309904
-5.921211
-10.524078
-11.645554
-7.519375
-4.692627
-2.920243
-2.772826
-3.451812
-4.808303
-4.531705
-4.606073
-3.392972
-3.580024
-2.854551
-3.264510
-2.482841
-1.084154
-0.180131
0.067434
0.299958
0.817316
0.011505
0.906598
0.607275
1.838028
3.258474
5.919635
7.614916
7.418874
3.139980
-2.346000
-7.675593
-11.441914
-12.437796
-13.266352
-11.154693
-9.226217
-5.441839
-2.656439
-1.751667
-0.487907
-1.466961
-0.429182
-0.289853
-0.165992
-0.087749
0.543014
0.416028
0.411542
0.482864
0.637334
0.362184
1.140232
2.545146
3.598247
6.195797
7.624277
10.309023
9.968836
9.786597
8.338047
6.670672
4.566965
2.681154
1.664815
0.341231
-0.852109
-1.597496
-1.299579
-1.356347
-0.264718
0.249404
0.570394
0.545935
0.968224
0.014374
0.498795
0.361034
0.200894
0.870295
0.954289
1.156424
1.095775
0.738085
1.749408
2.472939
2.946069
3.364725
3.882164
3.860457
1.936614
0.922329
0.312836
-0.603213
-0.855355
-1.332851
-0.939227
-0.133957
0.156671
-0.022147
0.603307
0.818903
0.171564
0.713736
0.878719
0.856044
0.600574
0.553908
0.970842
0.992041
1.112064
0.989169
0.995400
1.888477
2.534104
3.221505
3.655628
3.562885
2.318616
1.530659
1.344180
0.944253
0.504078
-0.354496
-0.342795
-0.020041
0.746971
0.223881
0.572807
0.309270
0.966063
0.055147
0.440962
0.259133
0.572527
0.744102
0.149598
0.912681
0.895470
0.552575
-0.004088
0.139589
0.157388
0.651646
0.483484
0.609014
1.131521
0.690754
0.955313
1.075794
0.195195
0.389740
0.642624
0.428696
0.738004
0.240044
0.847499
0.087008
0.427168
0.724021