0.179266
0.481918
0.472091
0.699240
0.248604
0.936705
0.277444
0.299539
0.822443
0.819636
0.629902
0.795068
0.025229
0.278990
0.314536
0.977978
0.859462
0.517441
0.707511
0.256172
0.921049
0.491256
0.093539
0.825983
0.076693
0.282632
0.383862
0.643269
0.515091
0.431532
0.140721
0.974975
0.064660
-0.015574
0.855133
0.318101
0.602131
-0.057821
-0.264691
-0.106227
0.018275
-0.110517
0.305847
0.525662
0.042093
0.272117
0.556731
-0.061108
0.827654
0.459107
0.192603
0.057392
0.204627
0.197729
0.192907
0.199530
0.956786
0.593493
0.735756
0.287989
0.615948
0.707716
0.759356
0.566371
0.291847
-0.675404
-1.577488
-2.363449
-2.793051
-5.070586
-5.513727
-6.736416
-5.910669
-5.915525
-5.343097
-3.571967
-1.968387
-1.226624
-0.443013
0.350809
0.233908
0.495017
0.527848
0.802057
0.794122
0.746330
0.484330
0.806422
0.496889
0.329033
0.944253
1.342955
3.447648
4.141702
4.699789
5.447869
5.319884
4.010770
2.756758
2.341160
1.418749
-0.266398
-2.426941
-2.139716
-2.321688
-1.519440
-1.586965
-0.715466
0.249375
0.320234
0.624044
0.804559
0.174444
0.308871
0.951030
0.692837
0.081884
1.523569
1.481055
4.310969
6.050008
8.004957
9.953745
11.058007
11.507189
10.716903
9.560371
8.179664
5.962598
4.692235
1.209973
-1.745228
-2.256001
-1.718474
-2.270262
-2.094611
-0.398552
0.518273
0.117949
0.279511
0.706961
0.470931
0.290320
0.177165
0.064953
1.106442
2.701182
4.675807
8.062952
9.644419
9.662021
9.207844
8.861246
8.712447
8.352752
7.700514
6.189085
2.865585
1.342562
0.564079
-0.882157
-1.049071
-1.115754
-1.710405
-1.160198
0.373961
0.798415
0.374577
0.858119
0.732225
0.485442
0.115510
-0.414295
0.531927
3.212194
3.081614
4.996919
3.364140
4.226526
2.734672
2.898416
4.325572
4.408827
4.357087
3.307245
1.970276
1.666558
1.505065
0.379929
1.794214
1.807367
-0.325154
-0.957433
1.155821
0.538331
0.163761
0.605191
-0.042302
0.891439
-0.081358
-1.014244
-0.622017
0.866689
1.107339
-0.675550
-1.614469
-0.582674
0.725312
2.211515
2.329151
0.791474
1.132050
1.040809
0.268077
0.040987
1.726519
0.725356
2.375087
2.916358
-0.614674
-1.459898
0.556974
1.186740
0.491897
0.319979
0.690485
0.517232
0.152919
-0.740264
0.558197
-0.144354
-1.591880
-3.213428
-2.268889
-0.181236
1.023680
1.969761
2.212427
2.263565
2.553545
3.096378
2.962562
2.531682
2.293497
0.953561
1.283939
1.912085
-0.813742
-1.168264
0.125247
0.918567
0.647237
0.373347
0.803986
1.099567
0.182955
0.754081
0.555195
-0.715162
-4.120449
-3.943880
-2.966421
-1.067583
-0.492811
-1.736852
0.177664
0.465445
2.878524
3.753394
5.329914
3.036478
2.472703
0.849159
0.971039
0.661300
-1.308894
-1.564647
-0.488837
0.563968
0.963360
0.324012
0.373609
0.623526
1.334218
1.353340
-0.127334
-3.501739
-4.734606
-3.556112
-3.059739
-3.702246
-5.657560
-5.611001
-6.720984
-4.417435
-0.591375
3.368659
4.434124
1.470321
2.592678
1.134896
0.061697
-0.830505
-3.014135
-1.629654
-0.177867
0.823820
0.561906
0.347745
0.640044
1.332314
1.222317
1.119067
-2.112395
-4.825636
-6.703252
-4.427921
-5.139329
-8.226316
-10.844744
-12.336570
-13.342624
-11.213322
-3.175334
0.350805
1.999871
2.226841
2.438506
0.263221
-0.293750
-2.277357
-4.511823
-2.349094
0.401218
0.221117
0.263780
0.729298
1.064657
1.005343
1.052786
0.640000
-4.944288
-7.537161
-7.557434
-7.372373
-9.812766
-12.781161
-15.252715
-16.643070
-17.708265
-10.661566
-5.479666
-3.943982
-0.457842
1.675967
1.656571
0.473983
-2.847726
-5.646149
-8.191011
-3.959321
1.263666
1.508073
0.850495
0.892481
0.602346
1.204017
1.363708
-0.129718
-5.988331
-8.197124
-8.555861
-8.944568
-9.942271
-9.889165
-9.589186
-9.661271
-10.310384
-5.240490
-5.870801
-5.969097
0.883407
1.548571
0.442857
-1.404543
-5.407998
-10.108991
-9.464258
-4.843610
1.276730
1.182619
0.228086
1.004966
0.026332
0.477167
0.442255
-0.323931
-5.286903
-6.159555
-6.697607
-5.217206
-2.806276
-0.989022
2.233077
0.889133
1.039380
-0.336271
-5.311437
-4.116100
1.367046
0.191283
-1.007210
-4.612990
-8.345480
-11.809393
-9.611599
-4.059202
1.497029
1.990409
0.882931
0.585508
-0.006826
0.359540
0.641504
0.983419
-0.951339
-1.464949
-1.808716
-1.062886
1.634583
4.171400
5.843698
6.252408
3.318346
-0.390812
-2.649269
-0.104235
3.369587
1.110717
-1.736314
-5.930379
-9.880906
-10.572810
-7.758092
-1.726983
3.531720
2.664797
1.201722
0.080772
0.875925
0.614826
1.136828
2.998997
2.678293
2.410688
2.951265
3.150249
3.541524
4.536191
5.766980
6.649338
4.343501
3.116789
1.581495
6.856770
6.571906
2.843509
-2.069984
-6.194778
-7.798417
-5.067560
-1.551887
2.992716
6.722636
2.972760
0.547870
0.947783
0.781281
-0.152362
1.458841
5.654812
5.758126
5.759781
6.288073
2.436624
0.039007
0.611430
3.402611
5.444239
6.936992
8.283622
9.835423
10.757604
8.351790
4.103938
-1.960964
-3.693224
-2.172698
0.732462
5.516782
9.370047
9.824085
2.859904
0.404170
0.070053
0.087635
-0.379430
1.709958
6.803961
7.325062
8.590657
6.230815
2.332055
0.552770
-1.491829
2.540958
5.651929
10.042384
12.335681
12.439761
10.115168
6.521714
3.402204
0.019189
1.929218
4.784337
8.215879
11.985054
14.840476
10.180288
2.735868
0.713884
0.047790
0.138504
0.025456
1.704157
6.859543
8.897130
11.220674
8.459064
6.852978
3.506585
1.755262
3.830207
6.919904
8.430896
10.768005
9.315511
7.655124
4.620891
4.728187
5.524082
8.655718
11.328911
14.079494
16.694369
16.527200
8.181368
1.797611
0.294927
0.484970
0.704621
-0.348162
1.490816
6.668982
9.034553
10.996205
10.869899
9.455251
5.662424
0.596744
0.359264
0.110311
-0.040287
1.409769
1.710032
0.390554
1.861980
4.339097
8.831891
11.912477
14.787052
17.216451
18.330018
14.674194
6.151050
1.929596
0.822392
0.397744
0.300324
-0.200134
1.714437
6.446947
8.052045
9.585525
10.548659
8.914849
5.605061
0.342103
-4.300855
-8.153728
-9.880715
-8.039991
-7.476744
-7.172370
-2.488316
3.046206
9.258640
12.468078
14.633278
16.633819
14.928846
10.520112
3.593924
1.462673
0.817697
0.098632
0.556942
0.071770
1.192833
3.441766
5.157983
6.773157
6.876174
4.960422
4.861848
2.294116
-1.455447
-3.493390
-6.797418
-6.898259
-7.297081
-3.741678
-0.612270
2.578181
5.639666
8.257054
11.833215
11.701369
9.720918
5.371409
2.412687
1.059005
0.660160
0.709799
0.581286
-0.056701
0.066252
0.666316
0.433004
-0.833466
-3.236458
-5.850509
-6.853702
-8.632578
-9.188098
-9.841377
-9.201899
-8.691223
-7.193609
-6.550631
-5.564494
-4.155290
-1.640927
0.808483
3.993566
4.769877
3.001776
1.543070
0.980315
0.114489
0.973937
0.456679
0.784631
0.576207
0.340780
-0.289033
-0.972319
-3.056691
-3.019883
-3.363620
-3.408048
-2.180753
0.458080
3.165021
4.068206
3.079765
1.461701
-1.298035
-3.786970
-4.889825
-5.046858
-3.730333
-2.028058
-0.628557
0.723932
0.729915
1.095134
0.242008
0.229225
0.179113
0.439405
0.308564
0.120708
0.500593
-0.101449
-0.306022
-0.769274
0.068836
1.988615
2.805961
5.142501
5.481969
5.689342
4.662191
4.528297
2.525634
0.453882
-0.311201
-1.696241
-1.375279
-0.859098
-0.519274
-0.385049
0.296266
0.713325
0.851950
0.982055
0.965453
0.514451
0.087985
0.045447
0.475977
0.680710
0.236335
0.348081
1.081356
1.635837
2.979039
3.002687
3.581262
3.024805
3.840512
2.932789
2.967895
2.325368
1.407364
0.198537
0.200933
-0.072653
0.719532
0.470114
0.062209
0.883891
0.397595
0.568590
0.445235
0.706565
0.568560
0.585101
0.608983
0.194455
0.396964
0.859974
1.116840
0.851845
1.265611
1.245873
1.529008
1.617229
1.186081
1.662111
1.408281
1.569326
1.275083
0.941824
0.789535
0.601547
0.393043
0.880325
0.982788
0.532884
0.252998
0.600055