0.615558
0.166326
0.829554
0.222816
0.405683
0.735466
0.712058
0.581194
0.986694
0.002289
0.946196
0.581378
0.429946
0.400648
0.344714
0.590785
0.598865
0.422468
0.013459
0.103153
0.601062
0.241646
0.111667
0.041597
0.385388
0.193152
0.033204
0.880581
0.262856
0.762322
0.566698
0.020325
0.223948
0.809571
0.723185
-0.091644
0.424337
0.237970
-0.591332
-0.768428
-0.108628
0.066067
-0.296780
-0.128139
0.219563
0.301922
-0.192985
0.475095
0.335302
0.286084
0.162892
0.784162
0.097720
0.537431
0.757714
0.831812
0.845515
0.273598
0.543051
0.626670
0.302462
0.521723
0.610323
-0.113156
-0.585228
-1.368444
-3.148006
-5.376942
-5.997254
-6.626975
-6.729240
-5.589745
-4.606772
-3.677939
-3.152552
-1.741315
-1.105545
-0.836883
0.071777
-0.059627
0.153181
0.692273
0.375561
0.324564
0.545061
0.990967
0.895577
0.171533
0.188918
0.126379
0.460647
-0.710052
-0.764389
-3.036364
-4.337499
-6.801709
-9.316967
-9.355698
-9.726297
-8.491525
-8.049920
-6.926341
-5.355760
-4.395501
-2.763115
-2.353922
-1.209070
-0.068388
-0.001134
0.814898
0.986410
0.808252
0.159429
0.576541
0.908555
0.357631
0.914790
0.428611
0.457407
0.373272
-0.494132
-2.496688
-4.133399
-6.527309
-6.724153
-5.968085
-4.249899
-1.764931
-2.279346
-2.674799
-4.064294
-4.725789
-2.059688
-1.213561
0.537346
1.329722
1.149807
0.619188
0.546504
0.787022
0.879055
0.641072
0.849391
1.064360
1.342246
0.797913
1.785843
2.614599
2.217454
1.061538
-0.243263
-2.696986
-3.491501
-1.909894
-0.046702
2.659130
4.542502
4.666272
4.938130
2.965266
4.244116
5.960069
7.066049
7.395216
4.681686
0.128905
-0.185822
0.095198
0.104160
0.113028
0.942514
0.510750
1.388286
1.793675
2.031660
3.129171
3.828216
5.606494
3.847558
2.054353
-3.791596
-7.950442
-12.795134
-13.009771
-7.214196
-1.291066
4.091421
6.920677
9.019920
9.969103
10.070600
8.221213
4.895949
0.026515
0.381984
0.770941
0.766127
0.139526
0.148710
0.851142
0.735330
1.149011
1.550506
3.452821
3.923210
4.961392
1.445627
-2.785673
-10.970805
-14.948041
-20.499587
-20.987748
-15.020372
-6.589824
-1.072059
2.457198
6.064317
5.848538
5.836799
3.969110
1.761001
-0.815741
0.111084
0.419093
0.144375
0.575327
0.102463
0.055302
0.524046
-0.614261
0.307578
1.186610
0.767019
0.003117
-2.669845
-6.052397
-9.874233
-13.357662
-18.186501
-17.242067
-11.031226
-2.413592
0.913438
2.802672
3.965019
4.376431
1.742666
1.134883
-1.181034
-1.951699
-0.482349
0.258599
0.631799
0.699573
-0.148106
0.169673
-0.423405
-1.146083
-0.898927
-1.785481
-2.785677
-3.284951
-3.445010
-1.646036
-4.950290
-6.427524
-10.695816
-10.625749
-3.581867
4.763442
6.371823
4.676089
2.090965
1.889306
0.688014
-0.512658
-2.500837
-2.186751
0.023217
0.740449
0.358135
-0.096496
-0.491758
-0.109732
-0.927324
-1.429473
-1.356116
-3.683276
-3.608923
-2.993883
2.150049
4.602890
1.844961
-0.109590
-4.565627
-5.318065
5.383675
10.125087
7.674884
2.420525
-2.730176
-2.522381
-1.536230
-2.044232
-2.347599
-0.850755
-0.423835
0.405569
0.272902
0.492488
0.173394
-0.008769
-0.988969
-1.420673
-2.170740
-3.023875
-1.979951
2.688012
6.487174
6.865977
5.651262
2.825876
-5.043896
-1.031376
9.729120
11.448266
6.733867
-2.721271
-4.956416
-4.728415
-2.917153
-1.694558
-0.861725
-0.329394
0.242072
0.001342
0.573393
0.200238
-0.153205
0.080405
-0.464889
0.942071
0.322793
1.258990
2.765161
7.053294
8.853423
9.193733
5.756435
-1.141802
-8.164271
1.799063
10.954922
9.630553
3.171416
-3.947076
-5.872977
-4.834034
-2.329104
0.375234
0.768287
-0.233748
0.144700
0.485383
0.869722
0.676803
-0.115204
-0.363366
1.047933
5.653140
7.664882
6.299960
7.869513
8.034016
8.951759
7.566748
1.780215
-4.479251
-8.095444
1.562717
7.603930
8.183086
4.168485
0.223105
-1.569026
1.284017
1.479292
2.536714
1.224387
-0.743257
0.302405
0.323679
0.281884
1.014474
-0.084352
1.219315
3.043320
11.302323
12.441802
11.325037
8.958038
5.923220
6.353814
4.714572
1.318427
-2.285986
-3.600861
3.153980
4.224681
7.576569
6.893878
5.132397
7.628425
6.108132
5.015539
4.187810
2.157903
-0.646017
0.859496
0.388430
0.669877
0.859363
0.451119
0.420968
3.405861
12.787598
15.421643
14.056956
8.585436
5.183537
5.506353
5.328884
8.407750
8.022555
8.036877
7.537014
6.552912
10.151566
10.504793
12.324382
9.731804
7.220275
4.481097
4.085740
1.835493
-0.673246
0.574720
0.218405
0.167741
0.861906
0.735796
0.283458
3.054062
10.494117
14.499815
13.346427
9.296529
7.305097
5.718543
8.568658
11.039584
13.983445
14.360873
11.237646
9.949125
8.217654
8.643873
9.043942
5.437974
3.075123
0.920044
1.286688
0.478062
-0.744618
0.445773
0.361531
0.381451
0.946806
0.983150
0.209214
0.418168
5.973322
8.488160
8.612953
6.744133
2.712658
1.047326
4.163030
8.895453
12.296121
13.539156
11.787188
7.754250
1.937616
0.375604
-0.185900
-2.880475
-2.339450
-0.508711
0.473316
0.899415
0.513692
1.163100
0.660025
0.213181
0.362068
0.558215
-0.737102
-1.846652
0.760347
1.102313
0.919966
-0.994668
-5.490099
-9.771120
-7.245181
-1.323420
3.624018
7.757062
6.606289
0.530375
-4.960923
-6.019561
-7.090374
-7.018201
-4.170458
-2.386104
-0.526422
0.138886
1.240484
0.603050
0.664026
0.015465
0.735175
0.735595
-0.542721
-2.564003
-3.444321
-4.453638
-5.367462
-8.215672
-11.757674
-15.183211
-12.156697
-7.387982
-0.037267
4.662526
3.313051
-2.047545
-5.150336
-5.858959
-6.122833
-5.323146
-3.495733
-2.744457
-1.469932
0.585118
0.952467
1.258054
0.782000
0.468093
0.541253
0.500521
-0.379747
-2.984182
-4.999901
-7.373768
-7.846245
-10.100702
-12.164656
-12.817807
-10.286330
-5.313989
1.527321
3.970818
1.698813
-0.942648
-1.425958
-3.093217
-3.216885
-3.504790
-2.538014
-1.563670
-0.800716
0.809846
0.995858
0.907499
0.811256
0.477896
0.868369
0.691743
-0.147605
-3.355014
-5.747039
-7.475475
-7.753098
-7.166991
-7.488324
-7.519539
-6.850734
-3.386440
-0.304813
-0.695031
-0.362994
1.427256
1.418848
0.372308
0.242373
-0.014377
-0.968661
-1.035796
-0.785328
1.064144
0.754675
0.817631
0.309248
0.295303
0.736170
0.404150
-0.563216
-2.244248
-4.668902
-6.283762
-5.901584
-4.187101
-1.927509
0.042695
1.683197
2.680969
3.688564
3.944295
5.888715
6.982135
7.023845
3.190257
1.958287
1.341290
0.068035
-0.495146
-0.796619
0.475117
0.433780
0.275775
0.713618
0.766228
0.252266
0.126733
0.328028
-1.108314
-3.134223
-4.903306
-5.514095
-5.297225
-2.792971
-1.423949
-1.281863
-1.208268
1.832445
1.355928
4.098310
6.380538
5.435074
3.356876
3.542595
2.116341
1.015640
0.412351
0.509922
0.243431
0.364063
0.150790
0.161107
0.542497
0.788049
0.193347
0.790611
-0.178680
-1.123023
-2.416642
-3.142680
-3.812289
-5.201944
-6.190805
-8.079073
-10.417797
-8.662535
-7.101540
-3.501102
-1.574930
-0.587159
-0.013386
1.555836
1.965246
0.854402
0.501996
-0.157712
0.833942
0.692878
0.730224
0.680074
0.749138
0.914853
0.475227
0.594381
0.621461
0.407323
0.697185
-0.588363
-2.152388
-4.339470
-9.350311
-12.839547
-16.253771
-15.487729
-14.790555
-12.563980
-12.719905
-12.009375
-10.424265
-6.690835
-3.677868
-2.619702
-0.806557
0.225048
0.234258
0.424720
0.470118
0.275369
0.052705
0.054048
0.955626
0.313125
0.222641
0.727616
0.577814
-0.508581
-2.332004
-4.196657
-6.171604
-8.150970
-9.106082
-9.724898
-10.268127
-9.014286
-8.671732
-7.465346
-4.755237
-2.864589
-2.016216
-0.468557
-0.379284
0.698108
0.850598
0.202516
0.870449
0.748955
0.623066
0.469283
0.032105
0.017243
0.602679
-0.001273
0.328668
0.495476
0.172846
0.090048
0.225176
-0.145212
-0.346049
-0.240250
-1.009405
-0.296357
-0.115377
-0.223435
0.455284
-0.057419
0.796778
0.488327
0.525991
0.136698
0.629688
0.098910
0.175329
0.549883