0.004242
0.241035
0.609546
0.690878
0.116428
0.640950
0.733695
0.747246
0.459700
0.677847
0.612384
0.574572
0.278121
0.105599
0.804589
0.362590
0.853969
0.269509
0.861690
0.710776
0.360485
0.099368
0.482253
0.044191
0.198767
0.797327
0.564501
0.825953
0.098117
0.375164
0.973754
0.257485
0.555112
0.488893
0.663298
-0.039484
0.291192
0.139781
0.197404
0.640314
-0.003820
0.348101
0.175755
0.104637
0.675540
0.064455
0.711339
0.315971
0.364986
0.814016
0.046624
0.802729
0.439741
0.312326
0.381481
0.060121
0.025605
0.645680
0.162177
0.116818
0.130065
0.697304
0.906251
0.070703
0.948416
0.270659
0.070800
0.153029
-1.028716
-1.029824
-1.541181
-2.421812
-2.562023
-2.343215
-2.306682
-1.748564
-0.618314
-0.218343
0.493411
0.500054
0.605402
0.278037
0.918638
0.287088
0.921506
0.952757
0.077459
0.321030
0.890086
0.789075
0.707708
0.490949
1.152207
0.574167
1.804130
1.176314
1.079717
0.394079
-0.640174
-1.273843
-1.497298
-1.284208
-1.346646
-1.125996
-0.454828
0.353544
0.491857
0.174551
0.383328
0.628649
0.805824
0.625904
0.917997
0.932909
0.223516
0.671581
0.150702
0.830916
1.171865
1.085642
3.163380
5.224762
7.491879
7.600365
6.643028
3.911327
1.610811
0.495113
-0.357152
1.117885
2.007282
2.887815
2.143070
1.235921
0.003429
-0.198366
0.176708
0.614814
0.794626
0.096703
0.601093
0.452406
0.599910
0.887646
0.067909
-0.417660
0.713732
2.020056
3.090678
3.969591
4.178331
2.028154
-2.810764
-8.840545
-13.614373
-17.541196
-18.042869
-16.286506
-12.415397
-7.834993
-4.716510
-4.913046
-4.959456
-3.731758
-2.173133
-0.645651
-0.086942
0.687609
0.132237
0.126674
0.376258
-0.161137
-0.346947
-0.671636
-0.753365
-1.325086
-1.144479
-2.065718
-3.434686
-2.248150
3.062623
9.934774
16.546738
20.525984
16.380167
10.697645
3.108119
0.023054
-3.899476
-5.595742
-8.372249
-8.439267
-5.846691
-2.103518
-0.697911
0.299905
0.497195
0.324962
0.148282
-0.776386
-2.458299
-4.358697
-5.500874
-6.900384
-8.306355
-9.005399
-6.834736
0.023241
10.938547
18.432625
24.660336
26.095828
23.467769
15.685354
6.873002
-2.643492
-6.192775
-7.218731
-8.304385
-8.643194
-7.479056
-3.818444
-0.557217
0.434126
0.885199
0.325759
-0.246623
-1.903592
-5.034393
-6.650750
-8.158902
-9.344293
-10.457456
-8.331289
-2.717459
2.202826
7.436960
8.560678
10.711361
13.495797
12.687880
9.335843
3.445633
-1.582511
-4.399383
-4.636281
-6.232453
-7.267121
-6.356735
-3.851229
-0.185411
0.324933
0.627316
-0.015021
-0.636399
-2.949146
-5.270835
-6.832015
-7.918041
-6.882167
-4.650502
-1.534100
2.607184
2.991986
2.940491
0.205708
1.039161
0.824622
1.139456
1.203333
0.953623
0.437714
0.117227
-0.070774
-1.951487
-2.891634
-4.068442
-3.191215
-0.773118
0.821764
0.614625
0.391455
-0.838184
-2.980740
-3.837642
-3.150417
-1.991377
-0.179209
1.866439
6.297353
7.108482
5.102789
-0.978750
-5.944431
-8.715655
-5.367777
-4.587723
-0.259201
3.252382
3.428995
5.485366
3.030377
1.844372
1.063102
-1.104448
-1.749910
-0.176545
0.150449
0.828291
0.088000
-0.855868
-1.868971
-1.552504
1.577910
3.273469
6.857861
7.846939
9.792112
7.172629
3.992560
-4.679345
-9.837852
-2.566222
1.819373
1.484013
3.893825
6.562101
7.294437
7.495527
5.733622
5.277992
2.776011
0.468343
-0.726027
0.295257
0.460447
0.830561
-0.036925
-0.889451
-0.489804
1.084108
5.326627
7.474545
9.561740
11.452184
10.024657
4.868600
-2.672393
-7.393037
-2.900626
8.760999
7.659914
3.940850
5.349549
7.436798
7.440461
7.162786
5.931370
4.341989
2.662311
0.976380
-0.427189
0.422704
0.465907
0.630574
-0.103068
-0.299395
-0.163323
3.135278
6.864244
7.727997
9.063163
9.700298
8.022363
2.027131
-3.370746
-0.839577
6.478009
14.214558
9.037478
3.139662
5.062476
7.628114
5.881483
4.174102
0.874027
1.675750
0.362226
-0.682741
-0.855688
-0.042989
0.775020
0.917728
-0.025734
0.540014
0.633248
3.498538
5.037283
3.969007
6.212603
6.690707
8.151530
4.390352
2.665319
5.304904
8.959316
9.942819
1.434903
0.762547
6.982983
7.143156
1.597435
-3.495786
-3.581129
-3.038432
-2.528707
-2.050410
-0.939645
0.019895
0.998439
0.486366
0.682220
0.321502
0.815939
2.714908
1.111152
0.427121
2.491993
5.608591
7.929857
8.006332
8.515288
7.322272
3.493484
-1.375547
-3.329682
0.819740
8.761043
4.430115
-6.033581
-8.073862
-7.418659
-5.770645
-3.794877
-2.623364
-0.865216
0.543830
0.815280
0.159049
0.572311
-0.091967
1.081665
1.445720
-0.589255
-2.759339
-1.851263
1.730444
4.934322
7.135825
8.784183
4.945074
-2.344378
-4.501882
-2.888765
2.973534
5.620671
-3.728888
-11.218437
-9.762652
-7.426403
-5.379823
-3.966776
-2.656974
-0.590248
0.183827
-0.002912
0.151555
0.093750
0.443414
0.032036
-0.004615
0.124222
-2.077472
-1.691271
-1.184994
0.980900
4.256645
2.515173
-1.357347
-5.790935
-3.226707
-0.727764
2.810473
2.219055
-6.557023
-9.720517
-6.494166
-5.000616
-3.704175
-2.700841
-2.402832
0.172117
0.605960
0.564330
0.851974
0.293847
-0.172108
-0.248377
-0.061419
1.104903
-0.256010
-2.980913
-2.692495
-2.661297
-2.662995
-3.055169
-5.788908
-4.021678
-1.762160
-0.988083
-0.008567
-2.197614
-6.136942
-5.764729
-1.340572
-1.666683
-1.767185
-2.311784
-1.994997
0.157050
0.355284
0.216742
0.060497
0.327373
0.491902
0.080544
0.819691
1.571844
-0.168850
-1.859183
-4.802474
-7.600975
-9.054376
-10.783196
-9.285565
-5.728478
-3.792375
-0.557816
1.111264
-3.317943
-4.780345
-3.118363
0.699683
0.139748
-0.559393
-1.868916
-0.536684
0.314652
0.650815
0.909845
0.501541
0.095215
0.556094
-0.097742
1.053192
1.133818
0.082251
-2.019263
-4.813486
-8.423584
-10.447694
-10.261799
-8.022424
-5.283714
-2.180245
-1.009793
-1.780863
-3.673255
-2.481909
0.391583
0.468017
1.291186
-0.081000
-0.509759
-0.575907
0.806473
0.110678
0.985042
0.834787
0.736703
-0.036661
0.431436
0.917164
1.221067
0.457654
-0.985145
-2.769045
-5.415566
-7.250674
-7.140246
-5.721837
-5.865995
-2.880234
-3.743291
-4.191409
-4.623345
-1.380710
0.323237
0.070700
0.338765
0.291889
0.302885
0.045374
-0.063099
-0.059988
0.779488
0.360469
0.041522
0.729452
0.502614
0.699845
0.646073
-0.437114
0.062277
-0.660911
-2.434228
-2.845155
-4.116885
-3.279414
-5.674267
-5.857091
-5.194147
-5.320285
-2.778988
0.177284
1.366336
-1.176525
0.205244
0.222861
1.089307
0.748495
0.628603
0.676162
0.641789
0.145177
0.953948
0.322142
0.257571
0.006742
-0.991504
-2.041488
-2.212147
-2.675604
-3.194351
-4.062131
-5.109088
-5.728875
-9.686846
-9.229644
-8.652093
-7.558128
-2.262620
0.126408
1.347743
1.243155
2.026723
1.674200
2.324644
1.510495
0.334486
0.556669
0.844020
0.786920
0.933348
0.848520
0.273222
0.225364
-0.418809
-2.127664
-3.337334
-4.144576
-4.074806
-4.510566
-4.625381
-4.108201
-7.655290
-6.756742
-5.549669
-1.659978
5.006312
6.631032
7.430160
6.527694
5.420472
3.820116
2.731552
1.267211
0.337255
0.537889
0.066897
0.260994
0.494919
1.011691
0.370781
0.155099
0.550428
0.440743
1.393612
2.315561
4.868692
7.372788
11.160004
13.015386
12.637863
12.295985
13.865508
16.313690
20.487926
19.411801
13.979408
10.724753
7.712404
3.743250
1.646411
0.726589
0.583501
0.960978
0.915922
0.794092
0.348857
0.991119
0.066040
1.161885
0.428580
1.026751
-0.172658
-0.425723
-0.296528
-0.754335
-0.346898
1.502307
1.508827
2.217872
4.197978
3.919431
6.817954
6.786574
5.442464
3.417308
2.666674
1.302611
1.071174
0.597598
0.146023
0.920866
0.241127
0.255165
0.129856
0.731407
0.821772
0.643106
0.009691
0.450782
0.802390
0.779283
0.461472
0.114759
-0.610911
-0.291519
-1.244988
-1.100543
-0.993822
-0.548251
-0.724967
-0.087957
0.461318
0.074130
0.581912
0.436826
0.263969
0.532762
0.293008
0.984771
0.641896