0.900632
0.612415
0.923643
0.636006
0.103122
0.761589
0.489151
0.050691
0.074221
0.556261
0.920438
0.492538
0.999611
0.681334
0.979322
0.759589
0.744774
0.215094
0.780206
0.861263
0.675466
0.402081
0.190466
0.992279
0.370708
0.529862
0.731040
0.905667
0.105411
0.660970
0.052522
0.634297
0.330680
0.315950
0.467019
0.912639
0.867629
0.747377
0.672976
0.317760
0.485730
0.280591
0.252746
0.645531
0.905832
0.416619
1.009406
0.216016
0.926227
0.248953
0.054537
0.198933
0.044923
0.890927
0.822718
0.127537
0.884518
0.182714
0.339786
0.002494
0.333823
0.500558
0.225019
0.413647
0.221130
0.655402
-0.009658
-0.330838
0.073957
0.744087
1.601257
2.217472
3.099128
2.730462
1.943905
1.654440
1.675704
1.069974
1.047809
0.202799
0.985512
0.721410
0.655507
0.431654
0.906491
0.288369
0.601697
0.372042
0.674915
0.166673
0.748035
0.591565
0.074616
0.621914
1.118527
1.595633
2.057675
4.183999
4.901287
7.074572
7.917063
7.826170
6.093998
4.501490
3.975564
1.977801
1.499009
0.661182
0.697178
0.615908
0.211568
0.220374
0.516434
0.784895
0.374705
0.700618
0.288960
0.834413
0.263999
1.219832
1.287825
1.484201
1.231069
1.813928
2.688662
4.760575
5.596492
6.711158
7.765448
8.559862
7.762953
6.849212
5.568106
4.113984
2.884731
2.192680
1.368042
0.667445
0.999838
0.626820
0.019837
0.204108
0.186051
0.009158
0.385610
-0.285971
-0.828889
-0.695613
-2.352636
-2.971896
-4.116704
-4.405607
-3.359625
-2.959278
-2.981787
-1.832968
-0.132158
1.524135
1.827129
2.715685
2.346875
2.546663
2.211201
1.739770
1.582639
1.396514
0.164305
0.697962
0.382611
0.556631
0.890084
0.102839
0.564332
-0.166975
-0.592457
-1.054918
-1.952528
-2.854019
-3.459890
-5.007718
-7.062740
-9.720148
-12.348415
-13.655586
-12.893021
-10.856994
-8.766863
-6.410415
-4.267710
-2.614534
-0.859840
-0.680748
-0.210754
0.291790
0.071381
0.346408
0.853188
0.724901
1.790633
1.999161
2.287631
2.978952
4.966752
5.998903
7.664344
8.358192
7.138947
4.683689
0.823522
-2.847438
-2.915457
-4.824121
-4.230343
-0.826391
1.250541
3.260703
4.657082
3.030125
1.951754
0.213599
-1.652368
-1.643523
0.399289
0.513563
0.242576
1.336728
2.467152
4.878214
6.781293
8.189722
9.578442
12.008852
12.681834
12.013864
10.855437
9.832953
9.354677
8.089504
6.851466
6.659447
5.284367
4.095194
4.127135
3.338732
4.644742
2.543198
1.593419
-0.357336
-1.635465
-2.044419
-0.044992
0.743244
0.997013
1.008194
3.715769
6.918474
8.888245
9.802010
10.546069
11.657485
10.665091
9.554086
9.901112
11.349695
12.957465
13.503867
14.486876
14.836003
13.673910
9.668562
5.331307
3.831324
3.857876
3.510690
2.038735
-0.442456
-1.454462
-1.255824
0.062930
0.341671
0.827939
1.504846
3.763926
7.396652
10.391876
8.694598
7.712700
6.977905
5.410289
4.644645
3.376508
5.424886
8.159817
11.526319
14.128596
16.878423
14.164010
11.030568
6.793934
4.682421
3.593336
4.332946
2.349318
0.149890
-1.226790
-0.072241
-0.106606
0.705133
0.969274
1.799492
3.817251
6.288110
7.773788
5.881264
2.393225
0.256312
-0.453429
-3.827336
-3.145842
-2.123558
1.016554
2.061781
2.634294
4.917618
6.620343
8.598659
6.405328
3.496259
1.986900
2.924027
1.778038
-1.494065
-0.737511
0.073249
0.041272
0.886148
0.323923
1.249137
2.944428
5.261314
5.000568
1.012863
-2.071383
-3.623172
-7.001761
-7.971657
-6.335647
-4.707456
-5.610745
-8.751917
-9.248942
-3.275879
2.107655
8.109719
6.306989
1.618043
1.008295
1.698583
0.308318
-2.577167
-1.440185
0.671883
0.855832
0.443758
0.536388
0.957105
2.211216
2.943717
1.614295
-2.662447
-5.160751
-7.530067
-8.372848
-8.456556
-6.572468
-8.191714
-11.736404
-17.630461
-13.788221
-3.913705
3.436403
8.018961
5.298788
2.075343
0.863742
0.711347
-1.014169
-1.892690
-0.964438
1.111769
0.985888
0.883452
0.696721
0.960122
0.797347
1.969351
0.112268
-4.630760
-5.814114
-7.474931
-8.252311
-8.750546
-9.388560
-11.040706
-14.945374
-20.598624
-11.131844
2.353509
6.532364
9.087332
6.513703
3.822870
3.308869
2.235124
0.778381
-0.157249
-0.107417
0.847011
0.498129
0.832093
0.877514
0.767604
0.470040
1.342270
-0.860233
-3.654458
-4.735080
-5.582350
-7.118577
-7.152186
-8.885998
-11.433521
-15.741566
-17.295620
-2.775813
5.661965
8.562711
10.238602
6.646462
4.350830
3.714168
3.368320
2.558399
0.061610
-0.320432
0.811484
0.145231
0.463911
0.279551
0.362955
0.182683
1.153406
-0.950812
-3.248946
-1.890905
-3.429354
-3.744972
-5.502750
-7.741024
-11.381839
-13.859155
-9.449501
2.230078
4.043011
7.009717
5.986734
4.199294
3.934213
2.724830
2.124514
1.668496
-0.426079
0.162490
1.131765
1.000868
0.058399
0.542528
0.673653
0.439240
1.123270
-1.049643
-2.915268
-2.501290
-2.353420
-2.358818
-4.271312
-6.362996
-9.633751
-6.219098
-1.365076
1.906990
2.433715
3.298211
1.303419
0.865199
1.174825
0.561492
0.800778
-0.278506
-0.683289
0.110956
1.038299
0.236427
0.384228
1.009039
0.782892
0.822922
1.009329
-1.726724
-2.525624
-2.738261
-1.842574
-1.972451
-2.938634
-5.134250
-4.491287
1.107453
2.741453
2.937983
2.562181
0.955886
-1.502135
-0.794078
-0.115392
0.039053
-0.452692
-0.736320
-1.520349
0.600117
1.015554
0.635657
0.849652
0.267684
0.410404
0.158488
0.126528
-2.131991
-2.900246
-2.889446
-3.386253
-2.399389
-3.322476
-3.141937
-0.700547
3.191879
3.181399
3.523041
0.836287
-3.733043
-4.057898
-3.050358
-1.398571
-1.193565
-1.577234
-2.612231
-0.899044
-0.189205
1.202207
0.549319
0.912869
0.691000
0.977355
0.143605
-0.901611
-1.789969
-3.897906
-4.190274
-4.267611
-4.111659
-3.141437
-1.265417
2.452236
2.811127
3.266551
3.101381
-0.920792
-4.519334
-3.682017
-2.760153
-1.692792
-1.985695
-2.498070
-1.834802
-1.149298
0.327618
0.722402
0.218600
0.452795
0.399294
0.196439
0.479596
-0.855036
-2.272099
-3.209655
-4.430336
-5.086060
-4.895180
-2.544449
0.613337
2.208861
3.550513
4.091672
1.165360
-2.060151
-3.022940
-1.614447
-2.255612
-2.964927
-2.826870
-2.935276
-1.583073
-1.217576
0.452502
0.322532
0.939317
0.572250
0.491399
0.422560
-0.011900
-1.150229
-1.727060
-2.398889
-4.057266
-3.436525
-4.191859
-2.783335
-0.278528
0.971508
0.974426
0.898410
-0.275682
-1.049174
0.691943
-2.085055
-2.798830
-4.609975
-3.745972
-3.155967
-1.899454
-1.398282
0.634180
0.951703
0.744564
0.479749
0.485946
0.942106
0.470293
-0.606843
-0.520021
-1.103658
-0.753885
0.039808
0.134234
1.302710
1.797465
1.331501
0.142428
-0.293047
-0.677189
0.391269
-0.070995
-2.082300
-3.858168
-5.284370
-3.732776
-3.522062
-1.675429
-0.682503
0.305858
0.565115
0.256250
0.064852
0.167394
0.459670
0.828399
0.671891
0.814907
2.519892
3.743960
5.889773
6.751254
7.228675
8.465723
6.744868
4.037737
4.054966
4.203227
4.349470
3.046583
-0.335774
-1.658651
-3.881669
-3.008504
-1.784190
-1.420303
-1.042569
0.637032
0.048219
0.531220
0.781091
0.276986
0.018250
0.511423
0.861321
0.757083
3.860493
6.849587
10.044150
15.016025
17.182579
19.135951
18.073806
16.434776
15.453709
14.760461
12.105407
9.867714
4.061911
0.215552
-0.610773
-1.614307
-0.981370
-0.461355
0.300268
0.062477
0.979027
0.975150
0.281625
0.951353
0.410596
0.314615
0.191063
1.181976
1.697738
3.938279
7.640938
10.983420
13.850226
16.005557
17.044369
17.384680
18.124855
17.591713
14.839630
12.549260
7.286260
3.954065
2.033047
0.389973
-0.026784
0.609061
0.704687
0.106452
0.182330
0.352794
0.642323
0.444990
0.927213
0.598346
0.365886
0.865569
0.512571
1.019288
1.249210
1.037132
1.558128
2.533888
2.708447
3.572252
4.402359
5.021706
4.130210
4.514380
3.803363
1.978473
1.844779
1.187351
0.799245
0.510025
0.144726
0.902005
0.872921
0.041627
0.503494