0.076540
0.393017
0.101871
0.205176
0.091708
0.683950
0.127964
0.705496
0.028779
0.037446
0.137761
0.771813
0.626780
0.638530
0.929829
0.508826
0.617573
0.610736
0.496658
0.165807
0.907620
0.744682
0.615955
0.645009
0.757714
0.934874
0.013337
0.980682
0.872127
0.112033
0.266182
0.832026
0.602966
0.760286
0.939257
0.366140
0.110900
0.683555
0.768080
0.151035
0.528537
1.010114
0.956340
0.224575
0.287668
0.736574
0.038778
0.298236
0.265091
0.139197
0.227020
0.116994
0.268654
0.654286
0.799402
0.686300
0.874783
0.814020
0.825671
0.777978
0.083681
1.001860
0.682793
0.912305
1.019987
0.803787
1.103455
1.336472
0.609516
0.417907
0.293130
0.213122
-0.626500
0.059306
0.837438
0.943952
1.196682
1.161464
1.060021
0.758273
0.206655
0.031163
0.119449
0.706656
0.588702
0.196722
0.537734
0.612755
0.648012
0.128878
0.520194
0.805499
0.706535
1.494276
1.472418
1.170410
0.607540
-1.769863
-3.202169
-5.138568
-6.586516
-5.264590
-4.096605
-1.753091
-0.591156
0.666525
0.966838
1.022676
0.746441
0.119072
0.400845
0.877743
0.527024
0.164576
0.958136
0.767616
0.569380
0.315593
0.721682
0.058008
0.191497
-0.428458
-2.094302
-1.647096
-2.934837
-4.738681
-5.605937
-7.246639
-6.782861
-6.912775
-8.453583
-8.281970
-5.221598
-2.933641
-1.532492
-1.250888
-0.235164
0.097702
0.042023
0.221008
0.331706
0.310221
0.054594
0.794739
0.310304
-1.136053
-1.699551
-3.576923
-3.413789
-4.512375
-6.043662
-2.602191
1.007955
3.916972
8.928920
13.933766
13.190847
11.291795
7.633362
3.096526
1.148037
-1.628305
-1.202574
-2.341172
-2.154466
-0.613777
0.040694
0.761545
0.434614
0.877937
0.119144
0.564783
-0.000023
-0.969831
-2.506975
-2.654706
-3.251959
-2.490217
-1.233342
-0.394686
1.167541
3.220649
5.579913
6.845393
6.177617
3.663171
3.031246
1.360919
1.042934
0.590050
0.910879
0.763334
-0.574979
-0.227809
0.144428
0.917912
0.724908
0.536648
0.578545
0.471749
0.373235
-0.184879
-1.171537
0.163432
0.256052
0.567687
1.887908
1.112458
0.074508
0.170410
-1.091145
-0.499978
-2.193893
-3.067521
-3.284297
-2.403683
-1.746648
0.034258
3.334799
5.208917
2.624533
-0.841414
0.272471
0.364365
0.213814
0.384024
0.251406
-0.449237
-0.060938
0.012864
0.654865
1.769748
3.412611
4.169999
3.197915
2.216595
1.736937
-1.829885
-4.505976
-8.807229
-9.178903
-8.091156
-5.181456
-1.940735
1.752952
3.836554
9.133586
9.435846
5.774962
1.602432
0.532631
0.209186
0.099242
0.496528
0.429453
0.154520
0.497820
1.424050
1.820768
3.526195
7.481947
7.273612
6.382260
6.267688
3.192116
-1.916512
-8.435109
-11.471000
-10.277768
-6.821756
-2.810983
1.690199
6.378085
7.519055
10.797964
11.527945
8.601883
2.081136
0.664483
0.733456
0.324605
0.219066
-0.000263
-0.304799
0.702187
1.247886
2.739622
4.570250
5.923521
7.319339
8.514175
8.671741
7.258724
0.027305
-9.223236
-11.115302
-7.476481
-2.322599
2.526800
7.577076
10.023651
11.223612
12.338539
11.421200
8.124254
2.500539
1.099189
0.904930
0.916448
0.986426
-0.198676
0.482718
0.990846
0.814813
1.434672
3.891589
5.024661
4.875075
7.784591
12.983432
12.588821
5.467127
-5.364994
-6.011363
-3.591891
1.338643
5.481516
9.300615
9.468777
9.307497
9.922141
8.380880
5.164059
2.330728
1.011797
0.900424
0.296534
0.312322
0.430815
0.042173
0.221508
-0.173112
0.032746
0.655830
-0.485530
-1.261330
3.097264
15.508767
18.925319
7.947584
0.124163
-0.095140
0.926571
4.609829
7.833200
7.267486
6.205350
5.659779
4.610249
3.085936
1.918117
1.449901
0.849773
0.549811
0.822201
0.965288
0.429250
0.432094
-0.662577
-2.930512
-2.928040
-5.226907
-8.362843
-11.167052
-3.922314
13.411393
17.032410
8.450699
4.571229
-0.051357
-0.132615
3.466716
1.513709
-1.419006
-1.135251
-0.932892
-0.614759
-1.262366
-0.098278
0.691820
0.218512
0.993794
0.636473
0.296795
0.690285
0.774381
-0.695165
-3.924398
-4.675055
-8.007420
-13.619648
-16.136450
-7.452931
7.616936
8.193015
6.711221
3.758957
-1.243685
0.916395
-0.204011
-8.669918
-10.125819
-6.927275
-3.706215
-3.127292
-2.175779
-1.962073
0.820797
0.761613
0.520499
0.333138
0.264186
0.933168
0.381338
-0.818310
-3.097102
-4.426701
-8.735949
-13.565778
-15.222925
-6.389717
5.307126
7.282661
5.877072
-0.073465
-1.754067
1.819660
-5.889238
-15.231316
-13.061748
-7.241496
-5.506479
-3.978304
-2.813723
-1.132014
-0.087252
0.445400
0.512534
0.279843
0.140754
0.488311
-0.003975
-0.391200
-2.101112
-5.141515
-6.649715
-9.034379
-6.645100
2.732994
9.420511
10.820853
5.473202
-1.732830
-0.447901
2.836274
-6.219557
-11.502209
-10.369841
-5.902678
-3.151369
-3.076525
-2.873199
-0.792705
0.271805
0.531128
0.215176
0.169683
0.872563
0.204102
0.218317
-0.327523
-2.346783
-4.082933
-4.199413
-1.232387
4.997335
13.223569
19.467939
13.387030
3.209409
-4.798113
1.306768
2.707172
-2.973289
-6.333325
-7.181040
-4.280190
-3.245678
-3.093889
-2.850773
-1.297140
-0.342401
0.243687
0.352629
0.739117
0.705159
0.192807
-0.903330
-1.210790
-2.272668
-3.333090
1.151970
6.035186
12.030450
20.712179
19.895379
10.180520
-3.457506
-8.752029
-0.128210
1.120221
-0.525573
-4.096976
-5.233745
-4.341814
-3.205324
-4.332766
-3.100693
-1.516710
-0.671696
0.399765
0.198876
0.138357
0.059240
0.398455
-1.973827
-2.266985
-1.760251
-1.724666
3.532696
8.012262
12.622198
17.003238
12.789300
0.174950
-11.250560
-10.121283
-3.959533
-0.808409
-0.978729
-3.240220
-5.622370
-5.442460
-5.082736
-5.255538
-2.572476
-1.251628
-1.115357
0.196293
0.298994
0.865627
0.523958
0.274720
-2.423093
-2.765989
-0.755588
-0.300888
1.978608
5.645392
8.078196
8.061810
1.540170
-6.874696
-13.840531
-11.494070
-7.183639
-3.864634
-3.331300
-5.080309
-5.227691
-6.156245
-5.574043
-3.567436
-2.343973
-1.905232
-0.776218
0.660448
0.949312
0.765220
0.652280
0.212101
-2.094176
-3.484390
-1.009510
-0.648397
0.578074
1.183160
1.328384
1.012695
-1.001710
-3.265760
-4.147899
-4.564319
-1.704269
-2.735847
-3.011245
-4.452684
-3.959487
-3.883076
-3.588268
-2.501142
-2.041765
-1.656650
-0.501486
-0.004218
0.658520
0.162662
0.655117
0.591777
-1.216113
-3.827778
-2.012379
-0.544242
-2.780297
-4.259152
-3.961980
0.851441
4.055745
4.848821
8.041511
7.141019
4.553738
0.179317
-2.055890
-0.174584
0.463164
-0.458027
-1.862773
-0.727266
-1.308900
-1.349494
-0.111286
0.917753
0.353701
0.390637
0.526261
0.082647
-0.823308
-3.291946
-2.781683
-1.104125
-2.401919
-4.972903
-5.424731
-1.899866
6.689345
13.561504
16.015635
14.130680
9.635761
6.588571
5.098266
5.208935
4.060890
2.759209
1.783019
0.325034
0.299676
0.435270
0.220325
0.725662
0.892209
0.853084
0.751122
0.395336
0.227448
-2.005856
-3.165145
-2.553812
-2.655308
-2.300188
-1.999804
0.351748
3.991160
7.498607
8.055386
7.124736
4.653953
5.009567
4.419549
5.162366
5.214096
3.585213
2.998864
1.653151
1.152372
0.931739
0.660012
0.282010
0.444349
0.041627
0.187414
0.486050
0.125839
-0.345716
-1.259816
-1.998273
-3.784205
-5.807762
-7.335217
-8.897491
-9.639643
-8.239781
-7.240987
-6.155162
-4.024753
-2.724939
-1.640058
0.122869
1.558738
1.802680
0.634465
0.469071
0.305882
0.871273
0.433982
0.301639
0.380383
0.443648
0.169622
0.525101
0.511100
0.693505
-0.030917
-0.583441
-1.677285
-1.521518
-2.222836
-2.590989
-2.398491
-2.465143
-2.182646
-1.987689
-0.835205
-0.396311
0.463788
0.719092
0.999861
0.397607
0.523337
0.925815
1.002029
0.832063
0.783900
0.178808
0.254036
0.848384
0.477706
0.235023
0.880184
0.120247
0.459795
0.521569
0.819620
-0.012095
0.627582
-0.180399
0.607158
0.206864
0.350196
-0.309832
0.171271
0.076743
0.607865
0.227627
0.710163
1.005135
0.253655
0.592788
0.144083
0.765343
0.359722
0.670919
0.385418